90,52
90,51
90,50
90,49
90,48
90,47
90,46
90,45
90,44
90,43
90,42
90,41
90,40
90,39
90,38
90,37
90,36
90,35
80,3
80,2
80,1
79,3
79,2
79,1
78,3
78,1
21,3
21,2
21,1
21,0
20,3
20,2
20,1
19,3
19,2
19,1
18,3
18,1
14,3
14,1
13,3
13,1
12,3
12,2
12,1
11,3
11,2
11,1
10,3
10,2
10,1
9,3
9,2
9,1
8,3
8,2
8,1
3,3
3,2
3,1
0,408
0,278
0,273
0,270
0,9
2,2
2,1
2,3
0,0
90,34
90,33
90,32
90,31
90,30
90,29
90,28
90,27
90,26
90,25
90,24
90,23
90,22
90,21
90,20
90,19
90,18
90,17
90,16
90,15
90,14
90,13
90,12
90,11
90,10
90,9
90,8
90,7
